i id resid rsasa sasa astack nastack pair syn_anti pucker_C2p_endo pucker_C3p_endo pucker_C2p_exo pucker_C3p_exo pucker_C1p_exo pucker_C4p_exo psasa pastack pnastack ppair psyn_anti ppucker_C2p_endo ppucker_C3p_endo ppucker_C2p_exo ppucker_C3p_exo ppucker_C1p_exo ppucker_C4p_exo
0 2JTP 1 203.92 0.0 1.0 0.0 1.0 0.0 0.0 0.0 1.0 0.0 0.0 0.0 0.40721005 0.81262064 1.30036e-09 0.9997733 2.1054946e-12 2.589867e-08 0.8876079 0.32183596 1.3853174e-12 0.0 0.4409652
1 2JTP 2 189.55 0.0 1.0 0.0 1.0 0.0 0.0 1.0 0.0 0.0 0.0 0.0 0.17185192 0.9947201 2.3504468e-10 0.9992442 1.8582059e-12 3.3573175e-10 0.9588415 0.048290566 6.417447e-15 0.0 0.6142676
2 2JTP 3 191.87 0.0 1.0 0.0 1.0 0.0 0.0 0.0 0.0 0.0 0.0 1.0 0.14839382 0.9814773 0.0015725371 0.9963521 3.6615096e-13 1.8154051e-06 0.9396298 0.11199101 0.0006484817 2.7917156e-32 0.5579868
3 2JTP 4 176.16 0.0 1.0 0.0 1.0 0.0 0.0 1.0 0.0 0.0 0.0 0.0 0.25002974 0.9297222 0.00013384855 0.96769464 4.3742645e-07 0.028998137 0.94240683 0.12473388 4.5432275e-06 0.88510627 0.10221307
4 2JTP 5 185.36 0.0 1.0 0.0 1.0 0.0 0.0 1.0 0.0 0.0 0.0 0.0 0.2441097 0.975278 0.65164423 0.99544454 0.0002755446 0.000510708 0.91132885 0.28456742 0.00022643006 0.0025534434 0.22776154
5 2JTP 6 168.18 0.0 1.0 0.0 1.0 0.0 0.0 0.0 1.0 0.0 0.0 0.0 0.157409 0.95931554 0.05794302 0.98366946 9.539453e-07 5.9520306e-05 0.88616604 0.4568695 2.194518e-05 3.093042e-07 0.29512754
6 2JTP 7 166.59 0.0 1.0 0.0 1.0 0.0 0.0 1.0 0.0 0.0 0.0 0.0 0.14009589 0.93112177 0.101776175 0.9743682 5.804532e-06 0.012774766 0.86982214 0.28784457 3.8371483e-05 0.00019735206 0.15068018
7 2JTP 8 174.87 0.0 1.0 0.0 1.0 0.0 0.0 0.0 0.0 0.0 0.0 1.0 0.35219872 0.9552316 0.05113303 0.95744777 4.079378e-06 0.01551103 0.8432648 0.37143216 7.571908e-07 3.1746677e-05 0.28152746
8 2JTP 9 164.69 0.0 1.0 0.0 1.0 0.0 0.0 0.0 1.0 0.0 0.0 0.0 0.28238276 0.98630214 0.042939752 0.8888996 4.1010085e-07 0.0079803355 0.8932348 0.3408812 0.00045145347 0.0006124641 0.17623895
9 2JTP 10 175.44 0.0 1.0 0.0 1.0 0.0 0.0 1.0 0.0 0.0 0.0 0.0 0.14264446 0.9882436 0.010567857 0.75836366 3.771585e-08 0.019924892 0.9023462 0.26247153 9.733795e-08 6.653394e-06 0.11777333
10 2JTP 11 170.1 0.0 1.0 0.0 1.0 0.0 0.0 0.0 1.0 0.0 0.0 0.0 0.13076855 0.9920866 0.0111814365 0.95620865 1.7548955e-06 6.2676877e-06 0.93973255 0.41115865 1.9154471e-07 2.607334e-05 0.13800715
11 2JTP 12 146.57 0.0 1.0 0.0 1.0 0.0 0.0 1.0 0.0 0.0 0.0 0.0 0.118759766 0.9847718 0.6702706 0.9609893 2.6085378e-05 0.003346725 0.8473439 0.4405417 4.417159e-06 2.7345866e-05 0.2064473
12 2JTP 13 139.51 0.0 0.0 1.0 0.0 0.0 0.0 1.0 0.0 0.0 0.0 0.0 0.47580868 0.9699739 0.29069355 0.95796937 2.2937154e-06 6.445315e-05 0.9135753 0.5303435 0.00042428615 0.00035495422 0.36524874
13 2JTP 14 238.1 1.0 0.0 0.0 0.0 0.0 0.0 1.0 0.0 0.0 0.0 0.0 0.13344488 0.99176323 0.008816192 0.98074245 1.72183e-09 0.0026350555 0.9061247 0.63053864 5.3222685e-08 4.7018743e-06 0.123199664
14 2JTP 15 118.12 0.0 0.0 0.0 1.0 0.0 0.0 1.0 0.0 0.0 0.0 0.0 0.2111094 0.99469006 0.0021275077 0.99349993 1.011909e-05 3.311696e-06 0.97132766 0.41505927 4.172555e-07 1.4959888e-07 0.15393263
15 2JTP 16 136.68 0.0 1.0 0.0 1.0 0.0 0.0 0.0 1.0 0.0 0.0 0.0 0.6525274 0.9443134 5.8947866e-05 0.94621855 3.0702492e-09 0.013867931 0.83745265 0.24512984 2.8968756e-08 4.04581e-16 0.26119247
16 2JTP 17 190.44 0.0 1.0 0.0 0.0 0.0 1.0 0.0 0.0 0.0 0.0 0.0 0.87130797 0.2339059 0.001178584 0.30771932 5.8111662e-05 0.6125679 0.2270207 0.19734505 0.99690884 0.0013373551 0.11622334
17 2JTP 18 191.88 0.0 0.0 0.0 0.0 0.0 1.0 0.0 0.0 0.0 0.0 0.0 0.6054498 0.25628868 4.7739095e-06 0.2696968 7.674255e-06 0.109956145 0.22619286 0.11511192 0.99106264 0.04038528 0.11122343
18 2JTP 19 205.23 0.0 0.0 0.0 0.0 1.0 0.0 0.0 0.0 0.0 1.0 0.0 0.7497798 0.16586371 1.3828679e-05 0.25077683 0.0003886985 0.5635139 0.29546148 0.16803522 0.42116317 0.0018648764 0.05425759
19 2JTP 20 174.95 0.0 0.0 0.0 1.0 0.0 1.0 0.0 0.0 0.0 0.0 0.0 0.7614019 0.68288136 0.0033152353 0.9286144 0.00027590632 0.03784135 0.60063004 0.27102178 0.04328614 0.02352284 0.08049667
20 2JTP 21 133.11 0.0 1.0 0.0 1.0 0.0 0.0 0.0 1.0 0.0 0.0 0.0 0.6005862 0.78473645 2.1054346e-08 0.55258864 2.12912e-07 0.028024083 0.88851655 0.11712196 0.008173908 2.9777062e-13 0.37438482
21 2JTP 22 209.24 0.0 1.0 0.0 0.0 0.0 0.0 0.0 1.0 0.0 0.0 0.0 0.6119927 0.8728006 0.11915741 0.72027355 1.637344e-17 0.013177814 0.93040276 0.38138628 3.820825e-06 0.9734211 0.1064962
22 2JTP 23 150.63 0.0 1.0 1.0 1.0 0.0 0.0 1.0 0.0 0.0 0.0 0.0 0.44313526 0.97421414 0.057121567 0.6661625 7.2857104e-10 0.0055847 0.86388665 0.4946693 2.6154522e-08 1.8197717e-07 0.43065137
23 2JTP 24 149.93 0.0 1.0 0.0 1.0 0.0 0.0 0.0 0.0 0.0 0.0 1.0 0.48728615 0.84154695 0.00048107983 0.60608655 7.2355746e-11 0.008510498 0.9369233 0.2701615 1.0546098e-06 8.299932e-11 0.46018717
24 2JTP 25 177.77 0.0 0.0 0.0 1.0 0.0 0.0 1.0 0.0 0.0 0.0 0.0 0.21466899 0.8026253 0.015319355 0.99241525 1.0308182e-09 0.006692626 0.86903363 0.35302058 0.00014835985 1.2841274e-09 0.24015443
25 2JTP 26 169.87 0.0 1.0 0.0 1.0 0.0 0.0 1.0 0.0 0.0 0.0 0.0 0.058001455 0.9636603 0.052402217 0.99078816 8.308486e-11 9.574395e-05 0.928137 0.31993538 1.3997444e-06 8.3764484e-14 0.2880719
26 2JTP 27 174.91 0.0 1.0 0.0 1.0 0.0 0.0 1.0 0.0 0.0 0.0 0.0 0.16173744 0.9149329 0.022502393 0.97259897 6.5595e-12 0.00054498285 0.92213047 0.3553522 4.0229406e-06 9.067056e-14 0.13925262
27 2JTP 28 183.29 0.0 1.0 0.0 1.0 0.0 0.0 0.0 0.0 0.0 0.0 1.0 0.37530252 0.76585895 0.007003431 0.90614057 6.643698e-08 0.007212277 0.91771895 0.12834874 5.5785627e-06 3.4730576e-11 0.15627638
28 2JTP 29 183.26 0.0 1.0 0.0 1.0 0.0 0.0 1.0 0.0 0.0 0.0 0.0 0.17002842 0.94024664 2.342265e-06 0.9586517 4.4516335e-11 0.0008242048 0.95285916 0.10604678 0.00027344885 1.7404483e-10 0.24844046
29 2JTP 30 185.42 0.0 1.0 0.0 1.0 0.0 0.0 1.0 0.0 0.0 0.0 0.0 0.27851623 0.8711494 4.310566e-05 0.9261274 8.019748e-12 0.00011814633 0.97793317 0.1398773 3.1766829e-06 1.0908152e-08 0.11896282
30 2JTP 31 185.12 0.0 1.0 0.0 1.0 0.0 0.0 1.0 0.0 0.0 0.0 0.0 0.548667 0.9784128 0.95276535 0.9071797 2.1581915e-10 0.0128684705 0.9645751 0.3914379 3.0949866e-07 4.6026756e-08 0.07355735
31 2JTP 32 171.38 0.0 1.0 0.0 1.0 0.0 0.0 1.0 0.0 0.0 0.0 0.0 0.021613004 0.99157226 1.3660521e-05 0.9985825 3.7462142e-26 8.675502e-06 0.9863355 0.008399833 2.6497532e-11 8.501656e-26 0.15413755
32 2JTP 33 198.3 0.0 1.0 0.0 1.0 0.0 0.0 0.0 0.0 0.0 0.0 1.0 0.3426743 0.97791106 9.597902e-07 0.9999149 0.0 0.00041132368 0.97678226 0.08119088 1.2699027e-17 0.0 0.13614254
33 2JTP 34 341.25 1.0 0.0 0.0 1.0 0.0 0.0 1.0 0.0 0.0 0.0 0.0 0.99999976 0.90592635 1.6025459e-12 0.99402183 0.0 2.4792485e-05 0.97971284 0.057392463 1.1134716e-08 0.0 0.55746377
34 2LU0 1 200.83 0.0 0.0 0.0 1.0 0.0 0.0 0.0 1.0 0.0 0.0 0.0 0.21538174 0.8170977 3.2953418e-09 0.99997675 3.0905202e-12 7.632145e-09 0.95439816 0.25770214 2.434506e-15 0.0 0.2827513
35 2LU0 2 188.37 0.0 1.0 0.0 1.0 0.0 0.0 0.0 1.0 0.0 0.0 0.0 0.079817235 0.99375063 1.6001696e-12 0.9997836 2.4646859e-17 3.923904e-10 0.9348682 0.13920647 2.8676192e-15 0.0 0.40737677
36 2LU0 3 174.91 0.0 1.0 0.0 1.0 0.0 0.0 0.0 1.0 0.0 0.0 0.0 0.09628656 0.98899287 0.007062103 0.98781234 4.289267e-15 7.3787405e-06 0.9468832 0.08650479 5.458663e-09 5.973247e-34 0.46654376
37 2LU0 4 181.33 0.0 1.0 0.0 1.0 0.0 0.0 1.0 0.0 0.0 0.0 0.0 0.16108042 0.98204076 0.00878203 0.9930982 1.9844997e-09 0.00032712866 0.9020245 0.40377343 4.5228298e-08 6.08351e-07 0.3768201
38 2LU0 5 188.56 0.0 1.0 0.0 1.0 0.0 0.0 1.0 0.0 0.0 0.0 0.0 0.22603847 0.9382624 0.000872933 0.82927966 1.0859688e-06 0.043938253 0.88586265 0.14361496 4.445743e-08 7.5574144e-07 0.1936994
39 2LU0 6 209.0 0.0 0.0 1.0 0.0 0.0 0.0 0.0 0.0 1.0 0.0 0.0 0.5659886 0.8980713 0.5530766 0.91751075 0.0005520991 0.00050468073 0.8116633 0.48114288 0.0017906859 0.0008928048 0.19108704
40 2LU0 7 211.05 0.0 0.0 0.0 0.0 0.0 0.0 0.0 1.0 0.0 0.0 0.0 0.18178493 0.8950619 0.012493122 0.9276208 3.4712e-06 0.0010044456 0.8375502 0.44084004 1.9851498e-06 7.782968e-06 0.36760488
41 2LU0 8 184.05 0.0 1.0 0.0 1.0 0.0 0.0 1.0 0.0 0.0 0.0 0.0 0.03355524 0.9854294 0.88027656 0.99640036 2.834242e-08 0.00018566161 0.92412645 0.44488966 8.286853e-05 9.592329e-07 0.16534461
42 2LU0 9 153.59 0.0 1.0 0.0 1.0 0.0 0.0 0.0 1.0 0.0 0.0 0.0 0.41712797 0.94666195 0.0068414705 0.9976903 1.6222739e-09 6.4609885e-05 0.9439515 0.34413886 1.2033105e-10 5.048457e-13 0.48234066
43 2LU0 10 170.05 0.0 1.0 0.0 1.0 0.0 0.0 1.0 0.0 0.0 0.0 0.0 0.043931626 0.850602 0.00092666777 0.9238137 2.8634807e-12 0.0046911286 0.95656365 0.10948992 8.1557863e-07 1.0019281e-06 0.1511564
44 2LU0 11 163.26 0.0 0.0 0.0 1.0 0.0 0.0 0.0 1.0 0.0 0.0 0.0 0.48868078 0.6506741 1.3029228e-05 0.7175304 6.1401204e-11 0.16337726 0.777954 0.17710663 0.0011713041 3.670805e-08 0.3882068
45 2LU0 12 161.36 0.0 1.0 1.0 0.0 0.0 0.0 0.0 1.0 0.0 0.0 0.0 0.67638344 0.93610686 0.102878906 0.3020937 3.6524163e-08 0.024106992 0.9150251 0.32929945 2.531573e-06 1.6790375e-05 0.08608249
46 2LU0 13 206.5 0.0 1.0 0.0 1.0 0.0 0.0 1.0 0.0 0.0 0.0 0.0 0.2613761 0.9884184 0.027937792 0.8442301 0.0016266807 0.0010765627 0.9271189 0.1878053 0.00015700242 0.0026085307 0.24768755
47 2LU0 14 197.28 0.0 1.0 0.0 1.0 0.0 0.0 1.0 0.0 0.0 0.0 0.0 0.20588937 0.95072997 4.566413e-08 0.48629844 5.4658543e-08 0.006332477 0.9072365 0.26060623 1.944722e-06 1.1928628e-10 0.27826145
48 2LU0 15 214.28 1.0 1.0 0.0 1.0 0.0 0.0 1.0 0.0 0.0 0.0 0.0 0.78974986 0.77642876 0.17439282 0.12969731 1.471274e-06 0.009746266 0.75003076 0.53320086 0.042636156 2.015632e-05 0.14939323
49 2LU0 16 309.3 1.0 0.0 0.0 0.0 0.0 0.0 0.0 0.0 1.0 0.0 0.0 0.9714977 0.8208439 0.05105797 0.021494528 0.0017324836 0.09782846 0.55408394 0.46942666 0.52564293 0.003800248 0.11881432
50 2LU0 17 220.39 1.0 1.0 0.0 0.0 0.0 0.0 0.0 1.0 0.0 0.0 0.0 0.39173493 0.9298791 0.016055161 0.3214071 0.00063358183 0.030455299 0.83829343 0.3726841 0.0020000935 2.0391866e-05 0.15436393
51 2LU0 18 179.16 0.0 1.0 0.0 1.0 0.0 0.0 0.0 1.0 0.0 0.0 0.0 0.3070046 0.9870968 0.0014175869 0.32634386 1.5884487e-05 0.00064719125 0.97650915 0.5299546 4.8208954e-06 8.8431494e-07 0.03273296
52 2LU0 19 181.38 0.0 1.0 0.0 1.0 0.0 0.0 1.0 0.0 0.0 0.0 0.0 0.07855141 0.9978124 0.38094676 0.9921515 2.1304706e-07 1.7895199e-07 0.9751428 0.46407244 1.2669562e-09 2.9524e-06 0.049932573
53 2LU0 20 197.26 0.0 1.0 0.0 1.0 0.0 0.0 1.0 0.0 0.0 0.0 0.0 0.12394556 0.9574681 2.109781e-05 0.9256152 2.9150429e-09 0.002308232 0.9256866 0.41839904 2.7982722e-05 1.5492613e-08 0.1198564
54 2LU0 21 184.58 0.0 0.0 0.0 1.0 0.0 0.0 0.0 1.0 0.0 0.0 0.0 0.21388726 0.90333945 0.41838324 0.8495137 0.0008979744 0.021710722 0.72504693 0.54137504 0.010149235 0.08502436 0.41558447
55 2LU0 22 181.55 0.0 1.0 0.0 0.0 0.0 0.0 1.0 0.0 0.0 0.0 0.0 0.6957668 0.9575989 0.071040496 0.31124842 1.6022227e-07 0.010939025 0.7455015 0.65383214 0.00015890344 5.9615722e-06 0.32823554
56 2LU0 23 82.93 0.0 1.0 1.0 0.0 0.0 0.0 0.0 1.0 0.0 0.0 0.0 0.6824865 0.9032625 0.045970745 0.61230206 3.724461e-08 0.15753266 0.83171535 0.36861897 3.8837973e-07 0.023715489 0.13354562
57 2LU0 24 160.65 0.0 0.0 0.0 1.0 0.0 0.0 1.0 0.0 0.0 0.0 0.0 0.2099222 0.8701362 0.00018605485 0.97082114 1.4301643e-06 0.62397593 0.8011537 0.31841934 3.1466814e-05 4.634319e-06 0.24362008
58 2LU0 25 195.09 0.0 0.0 0.0 1.0 0.0 0.0 1.0 0.0 0.0 0.0 0.0 0.7028119 0.762687 0.4089508 0.9970312 5.7665114e-12 9.485871e-05 0.9032909 0.42204872 3.91395e-05 7.4750844e-08 0.316739
59 2LU0 26 188.34 0.0 1.0 0.0 1.0 0.0 0.0 1.0 0.0 0.0 0.0 0.0 0.48097005 0.9377603 0.5898816 0.9959116 5.169597e-05 7.68067e-05 0.94443303 0.4092747 7.356289e-08 3.3668408e-07 0.16466993
60 2LU0 27 184.17 0.0 1.0 0.0 1.0 0.0 0.0 1.0 0.0 0.0 0.0 0.0 0.0734296 0.98816645 0.008243354 0.9963856 4.7641304e-08 0.0032227293 0.9022172 0.23794052 1.9124186e-06 9.107142e-11 0.3973655
61 2LU0 28 192.95 0.0 1.0 0.0 1.0 0.0 0.0 1.0 0.0 0.0 0.0 0.0 0.08233137 0.9928396 1.2147168e-06 0.9997036 3.9419655e-11 7.273647e-05 0.98032904 0.25322244 5.6472084e-11 6.623486e-14 0.07017031
62 2LU0 29 159.56 0.0 1.0 0.0 0.0 0.0 0.0 0.0 1.0 0.0 0.0 0.0 0.19272299 0.933318 0.11901272 0.63796866 2.8617692e-10 0.00019409893 0.87252283 0.2362511 2.0290872e-06 1.0593621e-07 0.75907373
63 2LU0 30 296.23 1.0 0.0 0.0 0.0 0.0 1.0 0.0 0.0 0.0 0.0 0.0 0.8099568 0.089333065 1.0740064e-05 0.12515427 8.86495e-05 0.19548313 0.11078307 0.0615919 0.98205906 0.0010093483 0.06275312
64 2LU0 31 190.79 0.0 0.0 0.0 0.0 0.0 1.0 0.0 0.0 0.0 0.0 0.0 0.35149857 0.02033245 0.008133133 0.028367382 2.4795678e-05 0.5119096 0.09793986 0.10583775 0.9914641 0.0018533646 0.08599931
65 2LU0 32 183.96 0.0 1.0 0.0 0.0 1.0 0.0 1.0 0.0 0.0 0.0 0.0 0.22458963 0.907558 0.0020339796 0.17024554 0.99999785 0.007236774 0.90993845 0.2791104 4.927502e-05 5.3933695e-06 0.5267845
66 2LU0 33 160.97 0.0 1.0 0.0 1.0 0.0 0.0 0.0 1.0 0.0 0.0 0.0 0.064556494 0.9990426 0.0061541265 0.9649563 1.01598815e-07 5.0084516e-05 0.91190463 0.5856079 5.021604e-07 1.1772211e-07 0.031054392
67 2LU0 34 190.37 0.0 1.0 0.0 1.0 0.0 0.0 1.0 0.0 0.0 0.0 0.0 0.13958983 0.9781585 0.0014532324 0.9968876 2.6409538e-11 6.953186e-05 0.9827832 0.18462874 5.543987e-10 9.104442e-09 0.05895778
68 2LU0 35 156.74 0.0 1.0 0.0 1.0 0.0 0.0 0.0 1.0 0.0 0.0 0.0 0.014888394 0.9418548 0.009641093 0.99183124 5.7404293e-11 0.0005619807 0.9835563 0.09056252 2.8721516e-07 0.000110813446 0.06027568
69 2LU0 36 162.07 0.0 1.0 0.0 1.0 0.0 0.0 1.0 0.0 0.0 0.0 0.0 0.13876277 0.9650253 0.8932249 0.9790717 1.9497327e-07 0.0015599593 0.885643 0.4218542 0.0024836517 2.5074656e-05 0.17739335
70 2LU0 37 180.79 0.0 1.0 0.0 1.0 0.0 0.0 0.0 1.0 0.0 0.0 0.0 0.50975484 0.96568996 0.015392173 0.54336506 0.00033307582 0.0049218303 0.9074736 0.46902475 3.8508583e-07 1.0860404e-06 0.2914307
71 2LU0 38 183.37 0.0 1.0 0.0 1.0 0.0 0.0 0.0 1.0 0.0 0.0 0.0 0.12197494 0.97996897 0.039036915 0.96693534 1.6058543e-07 0.0033234907 0.9114728 0.19903481 2.2167296e-05 1.6375583e-05 0.29197624
72 2LU0 39 174.04 0.0 1.0 0.0 1.0 0.0 0.0 1.0 0.0 0.0 0.0 0.0 0.34005198 0.9899653 0.06660236 0.99166757 6.8867507e-06 0.0037010482 0.94457155 0.612431 4.7783706e-09 5.9728914e-05 0.0349464
73 2LU0 40 164.0 0.0 1.0 0.0 1.0 0.0 0.0 0.0 1.0 0.0 0.0 0.0 0.041103113 0.99622774 0.0045079626 0.99882656 4.2888196e-10 8.722158e-05 0.9561154 0.29443863 5.6552466e-07 1.8006884e-06 0.15250112
74 2LU0 41 161.99 0.0 1.0 0.0 1.0 0.0 0.0 1.0 0.0 0.0 0.0 0.0 0.31408602 0.97766256 6.0363625e-08 0.9775004 3.4095243e-10 0.011118609 0.92468375 0.29595944 8.3940216e-11 1.5644881e-09 0.26652506
75 2LU0 42 183.97 0.0 1.0 0.0 0.0 0.0 0.0 1.0 0.0 0.0 0.0 0.0 0.67480093 0.717332 0.0018960914 0.6212144 5.0132796e-09 0.025386928 0.85303986 0.15411581 0.011434211 0.08365842 0.20010306
76 2LU0 43 192.67 0.0 0.0 0.0 0.0 0.0 0.0 0.0 0.0 1.0 0.0 0.0 0.64635706 0.7017334 0.86965394 0.26642993 0.07358894 0.3081223 0.50787735 0.29125193 0.010353299 0.0009559669 0.09086471
77 2LU0 44 174.68 0.0 1.0 1.0 0.0 0.0 0.0 0.0 1.0 0.0 0.0 0.0 0.7311543 0.69496727 0.0065880613 0.32057628 0.19372618 0.10698274 0.80620706 0.49058884 0.0011205715 6.176382e-05 0.18873106
78 2LU0 45 183.96 0.0 1.0 0.0 1.0 0.0 0.0 1.0 0.0 0.0 0.0 0.0 0.07586825 0.98025376 0.23112696 0.984639 8.1098315e-06 0.00027779356 0.8842141 0.38465104 1.04682044e-07 0.0006920785 0.6050401
79 2LU0 46 162.95 0.0 1.0 0.0 1.0 0.0 0.0 1.0 0.0 0.0 0.0 0.0 0.107909545 0.9841988 0.0016178841 0.999895 9.525638e-14 1.50273e-05 0.9691371 0.4249892 3.2825413e-11 2.7849149e-12 0.17914172
80 2LU0 47 173.38 0.0 1.0 0.0 1.0 0.0 0.0 1.0 0.0 0.0 0.0 0.0 0.010340505 0.96189946 0.23056504 0.99982965 1.9627926e-26 2.613224e-06 0.97277755 0.04077062 4.5666345e-14 1.1770468e-25 0.18135388
81 2LU0 48 186.29 0.0 0.0 0.0 1.0 0.0 0.0 1.0 0.0 0.0 0.0 0.0 0.4069769 0.95915985 2.198291e-06 0.99984896 0.0 0.00091240724 0.94854707 0.06432888 1.3756087e-17 0.0 0.35830012
82 2LU0 49 321.27 1.0 0.0 0.0 1.0 0.0 0.0 1.0 0.0 0.0 0.0 0.0 0.99999976 0.94611496 8.1211714e-16 0.99198556 0.0 1.4312109e-05 0.98185354 0.036438644 4.6587164e-07 0.0 0.6257964
83 2N1Q 108 177.03 0.0 1.0 1.0 1.0 0.0 0.0 1.0 0.0 0.0 0.0 0.0 0.04633742 0.9710506 9.245363e-06 0.99977285 3.8348615e-19 1.6949105e-06 0.9642713 0.019015644 9.333866e-17 0.0 0.14119706
84 2N1Q 109 184.71 0.0 1.0 0.0 1.0 0.0 0.0 1.0 0.0 0.0 0.0 0.0 0.0041393214 0.9978636 3.1840156e-13 0.99784195 1.7707474e-34 3.164753e-05 0.97684336 0.015354516 1.1723365e-26 0.0 0.035449043
85 2N1Q 110 185.35 0.0 1.0 0.0 0.0 0.0 0.0 1.0 0.0 0.0 0.0 0.0 0.99999964 0.89434457 2.7757469e-15 0.6177406 0.0 6.9592097e-06 0.9840322 0.04912859 1.3350927e-09 0.0 0.09627785
86 2N1Q 117 155.14 0.0 1.0 0.0 1.0 0.0 0.0 1.0 0.0 0.0 0.0 0.0 0.009681759 0.8865056 0.9749673 0.99857795 2.375942e-24 0.29412657 0.90804255 0.006221818 2.0812935e-24 0.0 0.18535422
87 2N1Q 118 159.88 0.0 1.0 0.0 1.0 0.0 0.0 1.0 0.0 0.0 0.0 0.0 0.9624248 0.97362375 3.591222e-14 0.1696387 0.0 3.7528102e-06 0.9791581 0.007940536 2.3040626e-17 0.0 0.23031828
88 2N1Q 124 196.39 0.0 1.0 1.0 1.0 0.0 0.0 1.0 0.0 0.0 0.0 0.0 0.6854639 0.67681015 1.0 0.98029286 0.0 0.011762375 0.90106046 0.02890864 3.0650921e-18 0.0 0.23542845
89 2N1Q 130 172.4 0.0 0.0 0.0 0.0 0.0 0.0 1.0 0.0 0.0 0.0 0.0 0.6192397 0.75404423 0.9999964 0.98238075 0.0 0.0041857488 0.8972061 0.024659064 1.4105631e-14 0.0 0.23138413
90 5KH8 1 173.94 0.0 1.0 0.0 1.0 0.0 0.0 1.0 0.0 0.0 0.0 0.0 0.13045245 0.9267384 1.2910512e-05 0.99997807 8.2107175e-11 6.2457886e-11 0.959324 0.255229 8.8206957e-16 0.0 0.3662642
91 5KH8 2 164.16 0.0 1.0 0.0 1.0 0.0 0.0 1.0 0.0 0.0 0.0 0.0 0.06788447 0.99793196 9.626496e-14 0.999967 3.873862e-15 3.5054533e-12 0.98592013 0.055503063 7.187497e-16 0.0 0.21947952
92 5KH8 3 170.22 0.0 1.0 0.0 1.0 0.0 0.0 1.0 0.0 0.0 0.0 0.0 0.285522 0.9925924 3.9659782e-11 0.99970275 5.3379085e-14 6.816233e-09 0.98564655 0.012529784 5.081906e-07 0.0 0.5047308
93 5KH8 4 112.93 0.0 0.0 1.0 1.0 0.0 0.0 1.0 0.0 0.0 0.0 0.0 0.18118489 0.984874 0.07465497 0.9887734 2.0023313e-07 0.00045886394 0.95620775 0.13662982 2.1965574e-05 0.000116822164 0.0804817
94 5KH8 5 130.05 0.0 0.0 1.0 1.0 0.0 0.0 1.0 0.0 0.0 0.0 0.0 0.28408834 0.9616131 0.70759124 0.9962131 1.9742469e-08 2.0454503e-05 0.87383133 0.3881893 5.3718132e-08 2.1455873e-05 0.20683937
95 5KH8 6 145.23 0.0 0.0 1.0 0.0 0.0 0.0 1.0 0.0 0.0 0.0 0.0 0.32867134 0.90458095 0.00014773743 0.96105564 1.5368405e-05 0.021015046 0.94694555 0.04493172 3.0786538e-08 2.3581859e-05 0.6553043
96 5KH8 7 143.3 0.0 1.0 1.0 1.0 0.0 0.0 1.0 0.0 0.0 0.0 0.0 0.030404704 0.9959331 0.6202728 0.9998647 1.9872334e-10 3.798556e-05 0.9662878 0.13413599 4.859976e-07 8.203861e-06 0.15869026
97 5KH8 8 167.85 0.0 1.0 0.0 1.0 0.0 0.0 1.0 0.0 0.0 0.0 0.0 0.2063499 0.9883478 0.013639266 0.9989262 4.3584407e-08 1.7279559e-05 0.94719416 0.21399927 3.3101016e-06 4.728352e-09 0.4969401
98 5KH8 9 176.18 0.0 1.0 0.0 1.0 0.0 0.0 1.0 0.0 0.0 0.0 0.0 0.0802765 0.93899304 5.6149215e-06 0.9919023 6.2907457e-10 0.0008306856 0.9602189 0.23288968 2.1634609e-08 2.8127171e-05 0.11878188
99 5KH8 10 174.65 0.0 1.0 1.0 1.0 0.0 0.0 1.0 0.0 0.0 0.0 0.0 0.14056921 0.9859088 0.9717467 0.99069756 2.1253761e-14 7.854575e-05 0.9572734 0.36802563 1.6389049e-05 6.577202e-08 0.2636588
100 5KH8 11 159.1 0.0 1.0 0.0 1.0 0.0 0.0 1.0 0.0 0.0 0.0 0.0 0.06180301 0.97769344 0.05344046 0.9944577 3.600932e-07 0.03079186 0.92374754 0.17033221 7.031594e-10 3.6061636e-11 0.31457934
101 5KH8 12 172.76 0.0 1.0 0.0 1.0 0.0 0.0 1.0 0.0 0.0 0.0 0.0 0.14621836 0.86921555 0.016040267 0.94609284 1.8309022e-07 0.0029190818 0.95397276 0.086894184 0.00010158227 5.523843e-08 0.15600915
102 5KH8 13 194.65 0.0 0.0 0.0 1.0 0.0 0.0 1.0 0.0 0.0 0.0 0.0 0.374008 0.90362406 0.014861442 0.99715257 1.6637203e-07 0.0017013525 0.9417441 0.32071084 2.6275458e-07 8.9886405e-14 0.19230227
103 5KH8 14 177.46 0.0 1.0 1.0 1.0 0.0 0.0 1.0 0.0 0.0 0.0 0.0 0.24104282 0.9640536 0.37196657 0.9880918 7.599636e-09 0.0019965693 0.9578151 0.12527008 9.538404e-06 3.7307615e-11 0.16277325
104 5KH8 15 175.39 0.0 1.0 0.0 1.0 0.0 0.0 1.0 0.0 0.0 0.0 0.0 0.59153247 0.94882476 1.0441281e-08 0.98555404 6.530747e-09 0.0051689767 0.9408854 0.25128943 0.00018058022 4.769256e-09 0.14161572
105 5KH8 16 139.75 0.0 1.0 0.0 1.0 0.0 0.0 1.0 0.0 0.0 0.0 0.0 0.5761192 0.734533 0.001126354 0.7466728 1.2807799e-07 0.006365751 0.9734908 0.05921997 0.00091005006 1.8358644e-07 0.2814188
106 5KH8 17 261.22 1.0 0.0 0.0 0.0 0.0 1.0 0.0 0.0 0.0 0.0 0.0 0.5818705 0.7275707 0.71348816 0.7906282 3.759503e-09 0.2530907 0.48108336 0.36550125 3.8987562e-07 5.057194e-05 0.20614901
107 5KH8 18 265.03 1.0 1.0 0.0 0.0 0.0 1.0 0.0 0.0 0.0 0.0 0.0 0.95401293 0.47321433 7.317343e-07 0.16405047 3.32796e-06 0.23737769 0.3612505 0.11034688 0.6350179 0.0023875942 0.3918916
108 5KH8 19 178.68 0.0 1.0 0.0 0.0 0.0 0.0 0.0 1.0 0.0 0.0 0.0 0.79612964 0.9370198 0.028916463 0.07383015 0.0004079671 0.025954789 0.72993916 0.48775545 0.0022948748 0.6779248 0.25759768
109 5KH8 20 195.14 0.0 1.0 0.0 0.0 0.0 0.0 1.0 0.0 0.0 0.0 0.0 0.78490394 0.98559463 6.794458e-05 0.48580137 7.5716024e-11 0.0057627102 0.87178326 0.40176752 7.2373902e-09 1.669781e-06 0.28679988
110 5KH8 21 216.48 1.0 1.0 0.0 0.0 0.0 0.0 1.0 0.0 0.0 0.0 0.0 0.9204135 0.8211645 0.0007701039 0.14800884 3.580584e-05 0.69552 0.39238808 0.52642494 0.022779226 0.0008327596 0.13049565
111 5KH8 22 294.14 1.0 1.0 0.0 0.0 0.0 0.0 1.0 0.0 0.0 0.0 0.0 0.962965 0.36823273 3.789489e-05 0.21293949 0.00087895186 0.23426653 0.6559914 0.3074259 0.0015123544 0.0029929401 0.20499732
112 5KH8 23 150.48 0.0 1.0 1.0 1.0 0.0 0.0 1.0 0.0 0.0 0.0 0.0 0.46255973 0.97154766 0.31666684 0.974524 1.642142e-09 0.0005439991 0.92839336 0.28759417 0.0013919995 1.0550021e-06 0.04265896
113 5KH8 24 176.94 0.0 1.0 0.0 1.0 0.0 0.0 1.0 0.0 0.0 0.0 0.0 0.4719005 0.95148265 7.07041e-05 0.9972007 5.1916105e-10 0.000101870166 0.9191038 0.27869925 7.903646e-05 1.6097779e-06 0.1468712
114 5KH8 25 171.39 0.0 1.0 0.0 1.0 0.0 0.0 1.0 0.0 0.0 0.0 0.0 0.08762493 0.9339472 0.0065382207 0.96832687 1.3398216e-10 0.0019242091 0.9678679 0.13548946 0.00032990388 3.3899192e-07 0.11963154
115 5KH8 26 173.2 0.0 1.0 0.0 1.0 0.0 0.0 1.0 0.0 0.0 0.0 0.0 0.24145353 0.9847994 0.0002988358 0.9905331 1.0846694e-09 0.00020466358 0.9395502 0.3043876 7.438485e-06 3.861495e-09 0.293305
116 5KH8 27 146.5 0.0 1.0 0.0 1.0 0.0 0.0 1.0 0.0 0.0 0.0 0.0 0.39306158 0.87327117 0.3794267 0.1917782 1.624085e-07 0.01165082 0.7706387 0.41012317 9.0237435e-08 1.0418061e-09 0.7517156
117 5KH8 28 286.41 1.0 0.0 0.0 0.0 0.0 1.0 0.0 0.0 0.0 0.0 0.0 0.94839257 0.05084878 6.0729294e-06 0.04565703 0.0018151444 0.7335881 0.052894443 0.08222773 0.377279 0.0010027518 0.07309798
118 5KH8 29 206.33 0.0 0.0 0.0 0.0 0.0 1.0 0.0 0.0 0.0 0.0 0.0 0.38210464 0.021831203 0.46963936 0.48759106 6.1964993e-06 0.89597845 0.07321937 0.071275495 0.20645745 5.9479084e-06 0.09093658
119 5KH8 30 205.88 0.0 1.0 0.0 1.0 1.0 0.0 1.0 0.0 0.0 0.0 0.0 0.30555728 0.8187166 0.004071872 0.23338014 0.9999994 0.0023697151 0.8210871 0.2617734 0.00021024141 4.695246e-08 0.69823396
120 5KH8 31 168.55 0.0 1.0 0.0 1.0 0.0 0.0 1.0 0.0 0.0 0.0 0.0 0.34034893 0.99122906 0.034882367 0.65900147 5.712049e-09 4.8593203e-05 0.7436244 0.78416246 0.000264851 0.013885015 0.06302681
121 5KH8 32 183.09 0.0 1.0 0.0 1.0 0.0 0.0 1.0 0.0 0.0 0.0 0.0 0.17337072 0.9920386 0.017448632 0.99394625 1.026003e-06 0.00019093166 0.975874 0.4840055 1.032422e-05 1.5865432e-06 0.021403667
122 5KH8 33 168.56 0.0 1.0 0.0 1.0 0.0 0.0 1.0 0.0 0.0 0.0 0.0 0.009894364 0.9920981 0.013257766 0.99692315 2.5084752e-09 9.759757e-06 0.96386117 0.24179046 8.963567e-08 2.0737773e-05 0.08660193
123 5KH8 34 173.36 0.0 1.0 0.0 1.0 0.0 0.0 1.0 0.0 0.0 0.0 0.0 0.6303017 0.94765085 1.3914088e-07 0.9929011 1.9548717e-11 0.0003951774 0.9198127 0.3048707 2.8237794e-08 1.0846886e-08 0.3746205
124 5KH8 35 162.09 0.0 1.0 0.0 1.0 0.0 0.0 1.0 0.0 0.0 0.0 0.0 0.16935003 0.8762569 0.00851569 0.8984429 5.0271067e-09 0.00020832974 0.8959171 0.3270614 0.0011378304 0.00029827765 0.15501356
125 5KH8 36 199.16 0.0 1.0 1.0 0.0 0.0 0.0 1.0 0.0 0.0 0.0 0.0 0.87807876 0.9760567 0.85606945 0.15766583 8.2916824e-07 0.0009949665 0.9255103 0.21236533 3.3539657e-06 1.3750011e-08 0.16971155
126 5KH8 37 141.18 0.0 0.0 1.0 1.0 0.0 0.0 0.0 0.0 0.0 1.0 0.0 0.85283285 0.8890071 0.32290575 0.4874174 0.0049775066 0.033478633 0.54003316 0.28976533 8.9110996e-05 0.000535239 0.048329677
127 5KH8 38 178.88 0.0 0.0 0.0 0.0 0.0 0.0 1.0 0.0 0.0 0.0 0.0 0.031601705 0.9652169 6.002809e-07 0.94733757 3.3068595e-08 4.8917183e-05 0.8847953 0.16219378 0.0009941226 3.006128e-11 0.21556668
128 5KH8 39 105.86 0.0 1.0 1.0 1.0 0.0 0.0 1.0 0.0 0.0 0.0 0.0 0.05184009 0.99690175 0.1724288 0.9988526 7.670105e-08 4.2299193e-06 0.96090925 0.35489953 6.3453044e-08 3.3379977e-09 0.16443707
129 5KH8 40 126.73 0.0 1.0 0.0 1.0 0.0 0.0 1.0 0.0 0.0 0.0 0.0 0.25039414 0.9979692 0.029664867 0.9991904 2.7341198e-08 2.393798e-06 0.96902955 0.5239885 1.2146058e-08 4.806073e-10 0.3798459
130 5KH8 41 164.3 0.0 1.0 0.0 1.0 0.0 0.0 1.0 0.0 0.0 0.0 0.0 0.43525687 0.94818974 0.00037557012 0.86606586 1.7326793e-12 0.06390772 0.90739125 0.18161584 5.9221926e-05 2.5910192e-11 0.14200579
131 5KH8 42 182.0 0.0 1.0 1.0 1.0 0.0 0.0 1.0 0.0 0.0 0.0 0.0 0.46880066 0.9938836 0.59475493 0.93962336 3.6946999e-09 0.000827348 0.96291584 0.331427 7.922671e-06 9.4674743e-07 0.056083407
132 5KH8 43 183.51 0.0 1.0 0.0 1.0 0.0 0.0 1.0 0.0 0.0 0.0 0.0 0.44495168 0.9787855 1.1148672e-09 0.9159515 2.4578858e-07 0.001679977 0.91919565 0.07214817 3.9952824e-06 2.4260514e-11 0.29808778
133 5KH8 44 180.49 0.0 1.0 0.0 1.0 0.0 0.0 1.0 0.0 0.0 0.0 0.0 0.4751702 0.87291497 1.4845708e-06 0.65942734 2.3344518e-10 0.033446774 0.849303 0.3910005 4.2879284e-07 7.4576e-11 0.3955461
134 5KH8 45 163.27 0.0 1.0 0.0 1.0 0.0 0.0 1.0 0.0 0.0 0.0 0.0 0.2274278 0.889684 0.0071231755 0.9028954 1.3704521e-21 0.00026448816 0.9310142 0.019938286 1.8823634e-08 2.40488e-20 0.11356087
135 5KH8 46 188.07 0.0 1.0 0.0 0.0 0.0 0.0 1.0 0.0 0.0 0.0 0.0 0.18668246 0.9728584 0.9396584 0.95678556 1.3672141e-37 0.00046801078 0.9444729 0.13162453 3.9002837e-12 0.0 0.024898961
136 5KH8 47 338.68 1.0 1.0 0.0 0.0 0.0 0.0 1.0 0.0 0.0 0.0 0.0 0.9999995 0.977777 1.5640476e-15 0.9839909 0.0 7.34673e-05 0.9874006 0.04219997 3.373633e-11 0.0 0.17009439
